4.751474460117302e-07	0.0037830603645408536
4.756619442521994e-07	0.0038793177940178915
4.761764424926686e-07	0.0037836341407416416
4.7669094073313786e-07	0.003704392433340824
4.77205438973607e-07	0.003702947529015347
4.777199372140763e-07	0.0034841015218372
4.782344354545454e-07	0.0037272994574459543
4.787489336950147e-07	0.0038464170151174646
4.792634319354839e-07	0.003879441679754351
4.797779301759531e-07	0.003877335714575458
4.802924284164223e-07	0.0037410821573071644
4.808069266568916e-07	0.003781003332877555
4.813214248973607e-07	0.004505954149369787
4.818359231378299e-07	0.0043164826791333875
4.823504213782991e-07	0.004466363647527852
4.828649196187683e-07	0.005002187425487917
4.833794178592375e-07	0.004754195187352214
4.838939160997068e-07	0.0048574065083927705
4.84408414340176e-07	0.004760125960816355
4.849229125806451e-07	0.005149436006000733
4.854374108211144e-07	0.005195252382870673
4.859519090615836e-07	0.005565846438421108
4.864664073020528e-07	0.005485713794341028
4.86980905542522e-07	0.005800325810031853
4.874954037829912e-07	0.005989828023910043
4.880099020234604e-07	0.006011207612011965
4.885244002639296e-07	0.00603605446375729
4.890388985043988e-07	0.006537349557182411
4.89553396744868e-07	0.006570261625827474
4.900678949853372e-07	0.0069279536114290365
4.905823932258065e-07	0.007011877454000302
4.910968914662756e-07	0.007104987855774316
4.916113897067448e-07	0.007119979490592878
4.921258879472141e-07	0.007644298563079555
4.926403861876833e-07	0.007853451387028986
4.931548844281525e-07	0.008222769076253503
4.936693826686217e-07	0.008023149530388693
4.941838809090909e-07	0.008323892480334643
4.946983791495601e-07	0.008695281886342344
4.952128773900293e-07	0.00913885408389366
4.957273756304986e-07	0.009166724824915115
4.962418738709677e-07	0.009376177805433972
4.967563721114369e-07	0.009861547243683723
4.972708703519062e-07	0.009513093295206825
4.977853685923753e-07	0.009563554105042102
4.982998668328446e-07	0.009762866221894496
4.988143650733138e-07	0.010278838433386204
4.99328863313783e-07	0.010587054137164898
4.998433615542522e-07	0.010754174900490323
5.003578597947214e-07	0.010750705597300672
5.008723580351907e-07	0.010545480944514268
5.013868562756598e-07	0.011112172761903785
5.01901354516129e-07	0.011189376259882516
5.024158527565983e-07	0.01190912820104786
5.029303509970674e-07	0.011849160661817452
5.034448492375367e-07	0.011786483120926092
5.039593474780059e-07	0.01184537127849477
5.04473845718475e-07	0.012064008716145668
5.049883439589443e-07	0.01199976636988016
5.055028421994135e-07	0.012468259286317677
5.060173404398828e-07	0.012575184930413544
5.065318386803519e-07	0.012105052086391652
5.070463369208211e-07	0.012726475973069178
5.075608351612904e-07	0.012757352224586368
5.080753334017595e-07	0.012647477198593259
5.085898316422288e-07	0.013440210143558538
5.09104329882698e-07	0.01336182207545661
5.096188281231671e-07	0.012985735155460835
5.101333263636364e-07	0.013513901850919548
5.106478246041056e-07	0.013457601371246115
5.111623228445748e-07	0.013415815063520202
5.116768210850439e-07	0.013271946529474896
5.121913193255132e-07	0.013755711511309863
5.127058175659823e-07	0.014289578707437403
5.132203158064516e-07	0.013833014886663917
5.137348140469208e-07	0.013862946236157305
5.142493122873901e-07	0.013922698130576706
5.147638105278592e-07	0.013822635249290482
5.152783087683285e-07	0.014001488772528286
5.157928070087977e-07	0.014096476059133544
5.163073052492668e-07	0.013891121232824367
5.16821803489736e-07	0.01406197531574777
5.173363017302053e-07	0.014113117538833483
5.178507999706744e-07	0.014052076439636905
5.183652982111437e-07	0.0143956136188731
5.188797964516129e-07	0.013974269741211652
5.193942946920821e-07	0.013966458718183807
5.199087929325513e-07	0.014178509317357452
5.204232911730206e-07	0.014154895590103269
5.209377894134898e-07	0.013993305497585025
5.214522876539589e-07	0.01450051132953821
5.219667858944281e-07	0.014442634316799164
5.224812841348974e-07	0.014516724586318598
5.229957823753665e-07	0.014107090584549453
5.235102806158358e-07	0.01445761740905192
5.24024778856305e-07	0.014187971713582319
5.245392770967742e-07	0.014296010033191128
5.250537753372434e-07	0.014261912515060522
5.255682735777127e-07	0.01434809519328819
5.260827718181817e-07	0.014263653286180887
5.26597270058651e-07	0.014201302092479266
5.271117682991202e-07	0.013574612052631382
5.276262665395894e-07	0.01411882865901688
5.281407647800586e-07	0.014193984785939195
5.286552630205279e-07	0.014016268269232472
5.291697612609971e-07	0.014316895079824135
5.296842595014663e-07	0.014406198384134214
5.301987577419355e-07	0.014557385517158856
5.307132559824048e-07	0.014638547442928947
5.312277542228738e-07	0.014304698509633656
5.317422524633431e-07	0.014296397590296115
5.322567507038123e-07	0.014700166316574304
5.327712489442815e-07	0.014263718216930801
5.332857471847507e-07	0.01443665830007898
5.3380024542522e-07	0.014254513882187706
5.343147436656891e-07	0.014178846526622498
5.348292419061584e-07	0.014025576132581891
5.353437401466276e-07	0.014203521072720202
5.358582383870969e-07	0.01393536688979681
5.363727366275659e-07	0.014293437802011075
5.368872348680352e-07	0.013934072686945471
5.374017331085044e-07	0.01415662646974842
5.379162313489735e-07	0.014343080834394938
5.384307295894428e-07	0.014238962538371671
5.389452278299121e-07	0.0137763428953823
5.394597260703812e-07	0.014321452933695843
5.399742243108504e-07	0.014142156578786643
5.404887225513197e-07	0.014326081348395237
5.410032207917888e-07	0.014133831980460847
5.41517719032258e-07	0.01421426544988342
5.420322172727272e-07	0.014251401913715779
5.425467155131965e-07	0.013950628844073824
5.430612137536657e-07	0.013916399502080345
5.435757119941349e-07	0.01385819334080466
5.440902102346041e-07	0.01371649056911849
5.446047084750733e-07	0.013906105448659757
5.451192067155426e-07	0.013786559961188981
5.456337049560118e-07	0.013897584259122424
5.461482031964808e-07	0.014044330971989498
5.466627014369501e-07	0.013917802601402327
5.471771996774194e-07	0.01406553141123926
5.476916979178885e-07	0.01367073106649077
5.482061961583577e-07	0.014211518123645649
5.48720694398827e-07	0.01383478499327009
5.492351926392963e-07	0.0140004395737205
5.497496908797654e-07	0.014044620919592604
5.502641891202346e-07	0.014079311715895887
5.507786873607038e-07	0.014071881607078823
5.51293185601173e-07	0.013881476455189133
5.518076838416422e-07	0.01359920435653771
5.523221820821114e-07	0.013879481279885296
5.528366803225806e-07	0.013858632119187466
5.533511785630499e-07	0.014148481332229613
5.538656768035191e-07	0.013760985362447662
5.543801750439882e-07	0.013966118686274887
5.548946732844575e-07	0.014289686474740408
5.554091715249268e-07	0.014019072675894601
5.559236697653958e-07	0.01389403826741635
5.56438168005865e-07	0.01403408480962346
5.569526662463343e-07	0.013951605512178201
5.574671644868036e-07	0.013972292364617254
5.579816627272727e-07	0.013921568836822116
5.584961609677419e-07	0.013933709245444148
5.590106592082112e-07	0.013787599550999056
5.595251574486804e-07	0.014174712170465061
5.600396556891496e-07	0.013862477232891867
5.605541539296187e-07	0.013971800781965645
5.610686521700879e-07	0.014211880716158696
5.615831504105572e-07	0.014339718238079743
5.620976486510264e-07	0.01443718015320941
5.626121468914955e-07	0.013974183493340689
5.631266451319648e-07	0.013800796660487618
5.636411433724341e-07	0.014346637152460604
5.641556416129033e-07	0.01421061582083268
5.646701398533724e-07	0.01404455947772913
5.651846380938417e-07	0.014040451573457744
5.65699136334311e-07	0.014144751164090304
5.6621363457478e-07	0.014109632494493714
5.667281328152492e-07	0.013962152459925315
5.672426310557185e-07	0.014274349885100983
5.677571292961877e-07	0.014139387598985682
5.682716275366569e-07	0.014069329721845986
5.687861257771261e-07	0.01420233721376267
5.693006240175953e-07	0.014191824957506191
5.698151222580646e-07	0.01427421007714589
5.703296204985338e-07	0.014298498918057252
5.708441187390028e-07	0.014566897464908848
5.713586169794721e-07	0.014442704760121177
5.718731152199414e-07	0.014555564836990442
5.723876134604106e-07	0.014694584094645571
5.729021117008797e-07	0.014718692687964604
5.73416609941349e-07	0.01457239166323046
5.739311081818183e-07	0.01448599236733871
5.744456064222874e-07	0.014361029938484874
5.749601046627566e-07	0.014447804001231702
5.754746029032258e-07	0.014428154254638736
5.75989101143695e-07	0.014462608978431645
5.765035993841642e-07	0.01475505986966807
5.770180976246334e-07	0.014890063255182983
5.775325958651026e-07	0.01481287379182911
5.780470941055718e-07	0.01478705804390252
5.78561592346041e-07	0.0149641951259876
5.790760905865103e-07	0.015046679364942018
5.795905888269795e-07	0.015146378830463623
5.801050870674487e-07	0.014993988519383458
5.806195853079178e-07	0.014940510058322006
5.81134083548387e-07	0.015141659203226687
5.816485817888563e-07	0.015241868488876655
5.821630800293255e-07	0.015304906857623767
5.826775782697946e-07	0.01549170868403814
5.831920765102639e-07	0.015404536585834728
5.837065747507332e-07	0.015471520171034984
5.842210729912023e-07	0.01556717608574544
5.847355712316715e-07	0.015360268206708896
5.852500694721407e-07	0.01544378858569953
5.8576456771261e-07	0.015874083579951122
5.862790659530791e-07	0.015784710314922446
5.867935641935483e-07	0.01608166096427618
5.873080624340176e-07	0.015957671131766063
5.878225606744868e-07	0.01604892290634764
5.88337058914956e-07	0.016231358539245126
5.888515571554252e-07	0.01661572527733415
5.893660553958944e-07	0.01655685782090627
5.898805536363637e-07	0.016692036906486997
5.903950518768328e-07	0.016436752920183127
5.909095501173019e-07	0.01642798770801259
5.914240483577712e-07	0.016798474061037766
5.919385465982405e-07	0.016615066668489345
5.924530448387096e-07	0.01701869202164048
5.929675430791788e-07	0.017110291120388477
5.934820413196481e-07	0.017347866909742653
5.939965395601174e-07	0.017533146530072388
5.945110378005865e-07	0.01751229145970653
5.950255360410556e-07	0.017458735339695344
5.955400342815249e-07	0.017400406736662676
5.960545325219941e-07	0.017418685611537116
5.965690307624633e-07	0.017512571150842256
5.970835290029325e-07	0.017901725222437718
5.975980272434017e-07	0.017783335657267352
5.98112525483871e-07	0.018189665172141167
5.986270237243402e-07	0.018184141410210432
5.991415219648093e-07	0.018166156469159228
5.996560202052786e-07	0.018352933372371514
6.001705184457479e-07	0.018610399763885097
6.00685016686217e-07	0.018672260656229612
6.011995149266861e-07	0.018795995932399744
6.017140131671554e-07	0.01914649251082009
6.022285114076247e-07	0.018864785009201107
6.027430096480938e-07	0.019094763067550955
6.03257507888563e-07	0.019077549529960297
6.037720061290323e-07	0.01938360864545515
6.042865043695015e-07	0.019429375907297368
6.048010026099707e-07	0.019515228539692085
6.053155008504398e-07	0.019446194056263275
6.05829999090909e-07	0.019620043980082904
6.063444973313783e-07	0.01988931052987063
6.068589955718475e-07	0.0199665699721495
6.073734938123167e-07	0.01990680756266367
6.078879920527859e-07	0.01983694633742912
6.084024902932552e-07	0.019902387706052693
6.089169885337244e-07	0.020149530606420236
6.094314867741935e-07	0.020413601393288357
6.099459850146627e-07	0.020347562011177642
6.10460483255132e-07	0.020336504540053795
6.109749814956011e-07	0.020275864957127184
6.114894797360703e-07	0.020392123299462144
6.120039779765396e-07	0.020233938924848344
6.125184762170088e-07	0.020409625560329173
6.13032974457478e-07	0.02023432425392676
6.135474726979472e-07	0.02018761903170328
6.140619709384165e-07	0.020211022232085738
6.145764691788857e-07	0.02013871519939226
6.150909674193548e-07	0.020040475478327907
6.15605465659824e-07	0.020070547151828797
6.161199639002932e-07	0.019655520786464306
6.166344621407625e-07	0.01965069194110673
6.171489603812317e-07	0.019495610261261093
6.176634586217008e-07	0.01935893721049041
6.181779568621701e-07	0.01934164347291692
6.186924551026394e-07	0.018949879785193465
6.192069533431085e-07	0.01892808942767877
6.197214515835776e-07	0.01887575605295173
6.202359498240469e-07	0.018582461848836194
6.207504480645162e-07	0.01834375309547023
6.212649463049853e-07	0.01813715748477016
6.217794445454545e-07	0.01818644751967638
6.222939427859238e-07	0.017881216307540894
6.22808441026393e-07	0.017654551991341496
6.233229392668622e-07	0.017383763012918274
6.238374375073314e-07	0.01696571836223099
6.243519357478006e-07	0.016747063769476992
6.248664339882699e-07	0.016554198179878164
6.25380932228739e-07	0.01641004065546496
6.258954304692081e-07	0.015773502611205352
6.264099287096774e-07	0.015741725198232265
6.269244269501467e-07	0.015394167977677854
6.274389251906158e-07	0.014963374377437876
6.27953423431085e-07	0.014913016202125928
6.284679216715543e-07	0.014798080505010566
6.289824199120236e-07	0.01428495470484565
6.294969181524925e-07	0.014176505041717484
6.300114163929618e-07	0.013697444938864062
6.305259146334311e-07	0.013625454220446143
6.310404128739002e-07	0.013179113314121757
6.315549111143694e-07	0.01318889498071289
6.320694093548387e-07	0.012793535152555099
6.325839075953079e-07	0.01232934901110842
6.330984058357771e-07	0.012070898153672596
6.336129040762463e-07	0.011937114869362154
6.341274023167155e-07	0.011917947504838048
6.346419005571848e-07	0.011283792822608493
6.351563987976539e-07	0.011300285210193457
6.35670897038123e-07	0.011223873208038953
6.361853952785923e-07	0.010815561463059408
6.366998935190616e-07	0.01046458857288078
6.372143917595308e-07	0.010391266349784952
6.377288899999999e-07	0.010121880099620013
6.382433882404692e-07	0.010055627823370574
6.387578864809385e-07	0.009770428334746593
6.392723847214076e-07	0.009594807778593558
6.397868829618767e-07	0.009485671508650099
6.40301381202346e-07	0.009052724165825317
6.408158794428152e-07	0.009192324387066955
6.413303776832844e-07	0.008905771480566396
6.418448759237536e-07	0.008746291298786624
6.423593741642228e-07	0.008548247984157363
6.428738724046921e-07	0.008593896311763133
6.433883706451613e-07	0.008366919146005666
6.439028688856305e-07	0.008289851134164524
6.444173671260996e-07	0.008087365860438506
6.449318653665689e-07	0.007754133349765667
6.454463636070381e-07	0.0076409134829015565
6.459608618475072e-07	0.007615095664965118
6.464753600879765e-07	0.0074646525929137324
6.469898583284458e-07	0.007356424217164193
6.475043565689149e-07	0.007306075337211614
6.480188548093841e-07	0.007249911750172245
6.485333530498534e-07	0.007006067951528523
6.490478512903227e-07	0.006967530550775397
6.495623495307917e-07	0.006981068171658606
6.500768477712609e-07	0.006841215821746066
6.505913460117302e-07	0.00696347864477432
6.511058442521994e-07	0.006526666334123379
6.516203424926686e-07	0.006491983295445345
6.521348407331378e-07	0.006576593878382893
6.52649338973607e-07	0.006478709774753256
6.531638372140763e-07	0.0065453159009947765
6.536783354545455e-07	0.006300949618186694
6.541928336950145e-07	0.006341280642102813
6.547073319354838e-07	0.0061397837504989
6.552218301759531e-07	0.006054480061332337
6.557363284164222e-07	0.006153595031044694
6.562508266568914e-07	0.005989088568083875
6.567653248973607e-07	0.005881437129039638
6.5727982313783e-07	0.005843967370721004
6.577943213782991e-07	0.00581716896500962
6.583088196187683e-07	0.005889177107487819
6.588233178592376e-07	0.005570296970136226
6.593378160997068e-07	0.005695931109691597
6.598523143401759e-07	0.005463534924270307
6.603668125806451e-07	0.005561254900517648
6.608813108211143e-07	0.005471869227583653
6.613958090615836e-07	0.005554408514416758
6.619103073020528e-07	0.005529069026131047
6.624248055425219e-07	0.005365457643948214
6.629393037829912e-07	0.005509249640277933
6.634538020234605e-07	0.0051873461796649485
6.639683002639297e-07	0.005349761457121428
6.644827985043987e-07	0.0054767972073758164
6.64997296744868e-07	0.005238433461047676
6.655117949853373e-07	0.005243285778751258
6.660262932258064e-07	0.005042615634160738
6.665407914662756e-07	0.005301740285123195
6.670552897067449e-07	0.004821059661098162
6.675697879472141e-07	0.005106666161536393
